37006459
25832510
34260835
32164869
28937339
33465298
31107169
28446118
30617653
35099768
37597466
34471579
32297678
35466612
32164848
28579792
29121942
27590968
30422919
25979579
32102824
37427003
25728958
23536247
36860234
30244551
34992959
31918429
30002623
30100896
35062955
23540596
26462880
29156920
36917204
34111138
36450968
36611561
37393193
36047007
33530868
32045022
28572273
27995822
36470071
34296769
31512539
34511007
37661426
19818912
35328322
34383613
27363686
34587854
37897436
25623294
28931454
32498633
36217681
33999776
33245625
30103356
35318316
28569605
33192417
30978530
27133356
29363625
25791421
28862491
34813384
37845811
30853300
33308184
29076357
26182228
28655040
25372874
26169880
37681785
32868699
32396393
30250141
30806557
36086771
32285543
35148223
35665476
37128155
34892608
32290712
32299642
35161881
34532828
33350040
27196543
33295820
38248307
31330443
37657190
34717921
37639764
33328941
30140048
34067647
31282612
27437724
27094742
30684209
28678542
25595535
35147072
25007829
31113523
26824590
36177932
24370570
30663899
24350578
31640994
31980093
28608303
29382225
32687245
32993047
35652417
24215251
24273101
28195317
26121169
31139685
35149928
33452080
24292002
38570593
27336197
37642681
29699694
26187655
21462207
24245652
23278936
25992718
26609553
30486680
24336810
33974346
32924624
37091527
37666761
37875404
37581600
29863967
28639486
26837611
23521352
27679842
23760996
28106617
22555651
28777895
33290086
22455595
30774290
30182780
20919762
29024794
34907827
35966988
22512686
21389864
37462337
22255354
36358449
26839121
27153565
20557668
34450286
30184005
26847526
32073459
31380690
21299077
25204774
36937679
36124975
30596341
31172938
30802870
28335033
28756688
37486108
31041602
32940119
20583947
32725835
23820144
20509746
27634712
31669728
30022726
36164737
33713942
35362219
31650547
27169693
20335004
20339651
24110168
29800071
34184974
21401578
37321657
23256855
34014000
29324407
19748042
34942899
35100830
28599339
35893192
35860953
21457000
25938606
28582251
28733123
34388175
29577526
32937201
31333439
33809518
30108476
19364363
35635300
33482753
32681134
31196046
36399794
24070371
25588137
36448513
30889975
31006691
25904008
36330850
28225381
20646031
32640168
34176416
19723410
20339652
35699263
19528515
29328011
28829002
29870404
32034122
38356258
26824413
20368976
26199108
25138298
25236708
22871080
34812967
25808635
25251499
19841687
24292004
27113569
31594398
33477437
23103430
32488296
26735587
23834069
29571877
30594990
25347464
28342407
32022985
28695029
29082797
24050283
28425762
20805058
31072158
19545601
26169755
29092645
30253426
29474121
34411491
21603029
27423623
32552499
25028279
25672825
32749175
29927342
24816742
32098740
33760713
22350501
29209698
26341327
28241283
32098240
23736973
37158444
24076341
25721548
21558633
32697631
26514020
23838067
25415550
23825289
20034928
26510823
30823854
22897205
29705950
31890318
30769216
20582284
31351077
23289543
24273623
29359485
33351810
25703940
21225518
30383220
22208118
27716404
26599475
25601066
29903695
23134507
18948362
24698208
28061886
24847247
34344047
30190180
21534845
35168286
23171742
23350909
25897890
25019667
32304496
28418396
29205054
26699449
28712987
25547774
26525527
37791834
35098609
26777873
23336601
22950051
26750736
35378676
24131657
25428808
23223926
28017202
22021735
25620924
28629390
21775100
25019668
23188396
25753951
19794369
21140320
23528484
21309767
32157078
27211224
26409339
25959328
25519190
21383060
26546655
24625318
25721547
22531358
20095823
22435802
19386672
24086289
21096889
21129404
20549168
30440911
31770778
33270729
22064045
26254447
26642917
20542858
33750360
19740151
26671645
22721865
20700521
23597318
33205767
24705660
21232823
29361896
26453038
19841635
28355990
21223830
25338503
28750192
24081276
25955760
23366432
26220007
23500169
27914171
21988084
25687516
21707549
22653720
26025211
22725827
25856042
19855941
27705010
19378211
31431264
27938731
27878607
21334942
25047159
27776222
23754519
31081368
19818908
26338101
22456565
21515929
19801065
18541405
20654035
18608429
23816661
24862654
26714619
25721543
23781924
26626612
28870384
22936483
23951682
19529878
20454884
28359111
19371440
25154335
28704142
21945977
20131978
28837981
19348357
25254403
21810016
22814933
30223015
25658412
29623861
22944327
22328052
25397910
21956549
23757104
25739775
19558043
20432853
26075975
26180850
20803408
18504691
26677650
26180849
23477085
25756132
21417050
21229788
21939009
20218162
22097398
22242367
25151548
36270767
26033710
28820352
25476003
32927490
30837936
28286237
25104969
22871079
34722130
24182379
33677202
20347387
35183230
34139132
27418924
35436682
31917162
25962266
24731126
27590971
36624012
27623516
22941524
28159885
38504253
20444823
23991068
37345619
36287284
22438708
35333981
25918113
24046953
37380145
26183279
21161482
30597420
38570095
28631959
23639923
28355886
23366434
22110980
25051968
36812393
37130533
29950436
38357638
33988067
37138217
37022479
36776220
37231286
37494887
36875937
36525626
31242093
35907635
25580728
37462237
37434567
36672046
25837335
35053794
23964471
37906785
29156906
32676754
27294999
32764342
37623154
31826795
35118918
23678881
24588639
21629876
29676287
35416581
34053435
25632585
37345346
31783763
25728959
20184513
24239183
31983904
29218401
28686046
29204783
25577942
24482931
22530487
23197892
29670506
31374771
29287286
38140901
28447133
20826878
36951768
33115813
35471606
33411656
36471413
30141703
24644769
27454577
28665058
31191230
22032111
38156828
19722069
36061999
33892642
22334202
22946142
36686519
26281289
29019887
19785900
22537857
26418170
36544986
29425472
23467637
24321081
35271175
37694825
26855981
19659736
22254514
30165335
32972341
22146323
37678221
33632262
23055703
31248289
25341751
34404695
23312631
24064256
24389719
32918796
24309381
29562918
24908873
20499571
34603172
26816340
31768504
30731512
35931882
38002405
27144738
30743283
35778501
35087666
31857308
35965311
29765840
21643631
22349416
37007675
29694273
28606028
38436088
34882275
27135175
21412712
37200015
37643173
26230934
36582871
31534916
31207949
37368979
20435394
33832968
29956527
23195237
27822357
27854227
30179955
25381450
28479121
37868386
29116729
29944066
23312666
31686552
22768046
30233272
35998031
28513410
36207475
20299697
36315040
34670101
36787643
33808458
32790801
33942709
37191604
37600635
36256792
26241850
26848728
28079403
35088872
23564736
32655460
26397437
22688111
36162321
36111949
24749557
23651424
33688838
21914052
21877221
35912377
29713302
26977910
28461024
38337170
33100231
34037850
29034688
25514905
37691335
24534038
30877729
38519870
37457330
24328393
35143130
34874891
30430356
20401600
35172656
20719031
26082745
37083797
37550578
30674678
25110934
32157912
33141927
23316181
27913627
22277411
34303770
21704075
23527767
28599400
24204597
26803773
34729145
29921186
32788871
30115018
36599506
35394721
19822873
29081604
21523625
31052816
31429341
23695230
37177483
27355221
28937930
21091045
33546507
37387779
36536686
29459769
31959193
28983951
35329077
33058881
20721850
37346443
31866935
38304328
22329934
32347416
23287963
35413805
20301761
28193809
36991657
30976725
29041013
24020877
29417427
37915644
25694467
31656105
25930681
29448290
19294586
32431589
24499173
26555029
35271024
25960496
27057909
31226626
26028016
35216880
34590417
38385052
30057745
32146216
32650651
26513022
30129164
35623834
37480503
29156917
29860398
38015965
37421883
20098700
34071457
22231873
24379375
19723684
27115486
36685244
26803950
37162879
29797024
23089206
37466825
37602403
34830352
19172480
35128043
31142272
35279346
32749054
32735989
21249659
35858265
32310713
24566026
29219008
23362035
23477673
36805435
20301351
20610072
37151782
30692591
33136137
28181897
22402903
33332539
37704316
37299583
35266449
30838940
32132786
31281384
35455151
23789493
20726497
33061334
36512061
37859223
30678710
26983111
37836969
23333985
34121953
25314244
34439798
33072969
31453350
37149974
19134494
37032703
26867419
38569517
35120846
26178853
33814424
35899034
36276505
34903547
35171700
26998691
37082990
29339861
28798667
28722839
26255853
23459678
34421792
24863495
33592208
37981468
29382145
28495346
32352344
21503713
29653372
30222511
22464590
34656478
26833180
23192562
31362425
27489873
19818907
27051225
22043906
37704315
25987932
26245774
26993432
34541625
24679719
31557972
37510499
31095511
38052188
32389547
28291494
37775356
37348529
28820496
33112196
26549188
34513831
30026923
36126949
36236762
32008413
31128873
29779602
23363841
35247313
27339104
19864276
34048920
31495772
30966253
32449426
37503997
23978982
32962107
25175602
29499577
30603519
27572719
34022321
21367610
34777580
34503684
30442179
29237198
38649384
34545448
27351758
37442026
38268041
24449280
27239739
34389748
23080477
28253991
37429682
30944112
38630310
38358482
33070647
23775553
35876577
32432559
23371871
32066283
21480775
37928737
38267577
32883584
36792252
37706055
34744606
35556172
20376768
29872879
31446781
29743223
38549627
36852085
24920504
36881418
32783063
37565261
34321067
31073711
32583749
35204593
34818568
34455256
28767025
36514078
27428507
25822103
33858783
32328516
33387999
34828732
36456047
33753437
33307566
37685628
36583530
29202732
34412818
38429713
32065623
38471525
32499887
26256402
33573610
27856941
34487721
34886970
37340319
37582155
37905785
32520773