37006459
28461024
34260835
32164869
21914052
23312631
20301761
33465298
36315040
31107169
36875937
35099768
37387779
36256792
35271175
34471579
28159885
32297678
30430356
29116729
31207949
32164848
29121942
27590968
34722130
37623154
25728958
23536247
36860234
30244551
34992959
31918429
30002623
30100896
31429341
29765840
35062955
37427003
26462880
29156920
37600635
36776220
25110934
36287284
34111138
36525626
33100231
34717921
36450968
33328941
36611561
24182379
36047007
37231286
37494887
32918796
35907635
36686519
32045022
33942709
33832968
33892642
28572273
27995822
25930681
34296769
31495772
34511007
37661426
34813384
19818912
34383613
27363686
25623294
27418924
34037850
26816340
36217681
19722069
30103356
22438708
26803773
33192417
28569605
30978530
35318316
27133356
29363625
26182228
29041013
36086771
31917162
37845811
36061999
30853300
33308184
37022479
29076357
36672046
28655040
25372874
26169880
30165335
32396393
31980093
23312666
30597420
30806557
30250141
28447133
32285543
35148223
27590971
34892608
37681785
32299642
27196543
38248307
31330443
30140048
37657190
26824590
30731512
34067647
27437724
29676287
37694825
37138217
30684209
28079403
27094742
28678542
25595535
35147072
24370570
25007829
30663899
24534038
24588639
24350578
28608303
36111949
25051968
32993047
36624012
31959193
35652417
24215251
24273101
33974346
35858265
37130533
33290086
35161881
31866935
37666761
35087666
24321081
35665476
24328393
27336197
37642681
38570593
29699694
26187655
24245652
25992718
23278936
37875404
26609553
24336810
30486680
32924624
29863967
28639486
26837611
37581600
23521352
27679842
36471413
23760996
28106617
22555651
28777895
22146323
34907827
20919762
30141703
35966988
21389864
29950436
36536686
29024794
26839121
27153565
20557668
38357638
34450286
23527767
30184005
22255354
26847526
37480503
31191230
31380690
32937201
21299077
25204774
36124975
34388175
28286237
31172938
32764342
30802870
28335033
28733123
33688838
31041602
32940119
32725835
27623516
20509746
20583947
27634712
31669728
20339651
32146216
33713942
35362219
31650547
27169693
35416581
20335004
30108476
36162321
29800071
31374771
34184974
29218401
29324407
21401578
34942899
35860953
24110168
35893192
31686552
21457000
29860398
23316181
33115813
25938606
28582251
29577526
28798667
33809518
19364363
22530487
35635300
37321657
36399794
24070371
36448513
19794369
31006691
22110980
30674678
25904008
36330850
37345346
32640168
20646031
34874891
34176416
25588137
26824413
23564736
20339652
19723410
35699263
19528515
24076341
34404695
20347387
38504253
29870404
28829002
23467637
29156906
32034122
38356258
20368976
26199108
25138298
22871080
34812967
25808635
25251499
19841687
24292004
23103430
32488296
26735587
25694467
26848728
21704075
21629876
25347464
29328011
25580728
33632262
24050283
31072158
33814424
29082797
28425762
20805058
19545601
27144738
32022985
29092645
25672825
33058881
33270729
25476003
21603029
27423623
28342407
25028279
29927342
23651424
38385052
24816742
22350501
32790801
28606028
29209698
26341327
28241283
32098240
22941524
23736973
37158444
24731126
32431589
25721548
23197892
21558633
23838067
37462237
25415550
29571877
27822357
20034928
26510823
30769216
30823854
22897205
26169755
30179955
29705950
31890318
38436088
29713302
20582284
31351077
23289543
26855981
24204597
22871079
29359485
23134507
26514020
25703940
31783763
21225518
30383220
29670506
22208118
21534845
27716404
26599475
29448290
29903695
18948362
24698208
28061886
30190180
24847247
20549168
21643631
29287286
23171742
32304496
28355886
25019667
28418396
24131657
29205054
26699449
26525527
25547774
35098609
26777873
23336601
22950051
26750736
35378676
25428808
28017202
22021735
23195237
28665058
28629390
21775100
26418170
21309767
21140320
23528484
25019668
32157078
26409339
25959328
20299697
27211224
25519190
31983904
21383060
25620924
24625318
26033710
23366432
25721547
25753951
30440911
22768046
22435802
25381450
24086289
26453038
21129404
22064045
26642917
26254447
20826878
19740151
20542858
26671645
22721865
20700521
25104969
23597318
21232823
19841635
28355990
21223830
25338503
28750192
24081276
25955760
23500169
27914171
21988084
25856042
26241850
22725827
27705010
19378211
27938731
23695230
27878607
27355221
25047159
27776222
23754519
19818908
26338101
22456565
21515929
24064256
18541405
22277411
20654035
18608429
23816661
20499571
24862654
26714619
23781924
23371871
23991068
26626612
28870384
22936483
22254514
19371440
25962266
20131978
21810016
25658412
22097398
28686046
37007675
25577942
32347416
35931882
38156828
34882275
35912377
38002405
20184513
34439798
37678221
23477673
22032111
31768504
26977910
26513022
31052816
26281289
38304328
35965311
29219008
32655460
32972341
29081604
37162879
24749557
33808458
29459769
35998031
32788871
37421883
37191604
27913627
29956527
37083797
19818907
25822103
29034688
34729145
36787643
30976725
28983951
23333985
19294586
31656105
30057745
37177483
35394721
26245774
35172656
28193809
24020877
36991657
32650651
26028016
24566026
35413805
23287963
35329077
21091045
36236762
20401600
23789493
35271024
37859223
28599400
35128043
30222511
21523625
26555029
36805435
31226626
36685244
26255853
29743223
20098700
34071457
24379375
24499173
37149974
27057909
32310713
30129164
23362035
38429713
25314244
26803950
20610072
31281384
32499887
23192562
30692591
37836969
29797024
19172480
30678710
35899034
19864276
37775356
34903547
20301351
32735989
37704316
37151782
35171700
35455151
27351758
37082990
26998691
33072969
34830352
37299583
36583530
25987932
37032703
28722839
31557972
38569517
32449426
31362425
38267577
20726497
22043906
36512061
33592208
28495346
37704315
32389547
32066283
37565261
38549627
36126949
34656478
23363841
28820496
28253991
30442179
23978982
31073711
29653372
21503713
36514078
34545448
30966253
31446781
27339104
23775553
32783063
24679719
35247313
29202732
25175602
34022321
37928737
35876577
34777580
27239739
34744606
27572719
36456047
29779602
27428507
35556172
29872879
32328516
32583749
32962107
32883584
34389748
29499577
34503684
20376768
33387999
35204593
36881418
34321067
36852085
34455256
33307566
33070647
33858783
34412818
33573610
37685628
34886970
37905785
32520773