34997540
36805435
35196023
32065623
26799652
36875937
35062955
35194965
28248783
36127362
35396385
36217681
36525626
33533830
37309077
37231286
27903442
33942709
33109706
31947236
35194889
34787317
35931882
33576710
33987814
36322237
34037850
37265174
33025162
38050971
37335771
37380231
35426195
36787156
30597420
28608303
29041013
35098549
26152368
30814647
33070647
35940531
33103924
19364363
23477673
37831677
34770532
37272348
31377555
23445258
33061334
24555843
34067647
36367528
30684209
35147072
32979048
33229451
32789281
36495645
31139685
37581600
38623278
23278936
31866935
37442623
37880421
35240461
30486680
36330850
36086771
32573278
21389864
32253508
38165325
20509746
34450286
33029654
35633037
30728207
35304670
29581463
25886781
31669728
32146216
33431874
26837611
36286187
36707885
32439995
34559406
29513871
33115813
38645254
36563646
33480204
37345346
37338737
26910108
36448513
31142272
20339651
35863789
38409777
31594398
29082797
22843269
31694409
33934438
23933739
29577526
29092645
32159328
28793379
25808635
32327970
37296845
32790801
24521840
35767076
27083563
23197892
31006691
33399966
24179768
30885274
32655460
28409112
28606028
30558556
27878760
29940959
28355886
24217191
22871079
23364798
23336601
20110924
25428808
23736973
30057745
24239183
30678710
25124662
27211224
23988789
34203056
26636387
19409391
31170347
21515929
26977910
38157654
30902630
24872216
22277411
28245222
22285394